2,209
3,207
2,208
1,208
3,206
2,207
1,207
3,205
2,206
1,206
2,205
1,205
3,203
2,204
1,204
3,202
2,203
1,203
3,201
2,202
1,202
3,194
2,201
1,201
41,3
41,2
41,1
41,0
40,3
40,2
40,1
40,0
39,3
39,2
39,1
39,0
38,3
38,2
38,1
38,0
37,3
37,2
37,1
37,0
36,3
36,2
36,1
36,0
35,3
35,2
35,1
35,0
34,3
34,2
34,1
34,0
33,4
33,3
33,2
33,1
33,0
32,3
32,2
32,1
32,0
31,4
31,3
31,2
31,1
31,0
30,5
30,4
30,3
30,2
30,1
30,0
29,3
29,2
29,1
29,0
28,5
28,4
28,3
28,2
28,1
28,0
27,4
27,3
27,2
27,1
27,0
26,4
26,3
26,2
26,1
26,0
25,3
25,2
25,1
25,0
24,5
24,4
24,3
24,2
24,1
24,0
23,5
23,4
23,3
23,2
23,1
23,0
22,4
22,3
22,2
22,1
22,0
21,4
21,3
21,2
21,1
21,0
20,5
20,4
20,3
20,2
20,1
20,0
19,4
19,3
19,2
19,1
19,0
18,3
18,2
18,1
18,0
17,3
17,2
17,1
17,0
16,3
16,2
16,1
16,0
15,3
15,2
15,1
15,0
7,3
7,2
7,1
7,0
6,6
6,5
6,4
6,3
6,2
6,1
6,0
5,7
5,5
5,3
5,2
5,1
5,0
4,3
4,2
4,1
4,0
3,2
2,2
1,2
0,52
0,51
0,9
0,2
1,45
3,44
2,44
1,44
3,43
2,200
2,43
1,43
3,42
2,42
1,200
1,42
3,200
3,41
2,199
2,41
1,199
1,41
3,199
3,40
42,0
42,1
42,3
43,0
43,2
43,3
44,1
44,3
45,0
45,2
45,3
46,1
46,3
46,4
47,1
47,2
48,0
48,1
48,3
48,5
48,6
49,1
49,2
49,4
50,1
50,2
50,4
51,0
51,2
51,3
51,5
51,7
51,8
52,1
52,2
52,4
53,1
53,2
55,0
55,1
55,3
55,4
55,2
53,3
53,0
52,3
52,0
51,6
51,4
51,1
50,3
50,0
49,3
49,0
48,4
48,2
47,3
47,0
46,2
46,0
45,1
44,2
44,0
43,1
42,2
2,198
2,40
1,198
1,40
3,198
3,39
2,197
2,39
1,197
1,39
3,197
3,38
2,196
2,38
1,196
1,38
3,196
3,37
2,195
2,37
1,195
1,37
3,195
3,36
2,194
2,36
1,194
1,36
3,35
2,193
2,35
1,193
1,35
3,193
3,34
2,192
2,34
1,192
1,34
3,61
3,33
2,63
2,33
1,63
1,33
3,32
2,32
1,32
3,192
3,31
2,62
2,31
1,62
1,31
3,63
3,30
2,61
2,30
1,61
1,30
3,62
3,29
2,60
2,29
1,60
1,29
3,28
2,59
2,28
1,59
1,28
3,60
3,27
2,58
2,27
1,58
1,27
3,59
3,26
2,57
2,26
1,57
1,26
3,58
3,25
2,56
2,25
1,56
1,25
3,57
3,24
2,55
2,24
1,55
1,24
3,56
3,23
2,54
2,23
1,50
1,23
3,55
3,22
2,22
1,22
3,54
3,21
2,53
2,21
1,54
1,21
3,53
3,20
2,52
2,20
1,53
1,20
3,52
3,19
2,51
2,19
1,52
1,19
3,51
3,18
2,18
1,51
1,18
3,50
3,17
2,49
2,17
1,17
3,49
3,16
2,48
2,16
1,49
1,16
3,48
3,15
2,47
2,15
1,48
1,15
3,14
2,14
1,47
1,14
3,46
3,13
2,45
2,13
1,46
1,13
3,45
3,12
2,12
1,12
3,11
2,11
1,11
3,10
2,10
1,10
3,9
2,9
1,9
3,8
2,8
1,8
3,7
2,7
1,7
3,6
2,6
1,6
3,5
2,5
1,5
3,4
2,4
1,4
3,3
3,0
2,3
2,0
1,3
1,0
0,6
0,0
0,47
0,46
0,49
0,48
0,45
0,12
0,50
0,10
0,8
0,11
0,5
0,7
0,4
0,3
